Optuna Best Params — zone2
========================================
lstm_units_1: 32
lstm_units_2: 64
dropout_rate: 0.0
learning_rate: 0.0011006970876625563
best_val_mse: 0.003464590525254607
