Optuna Best Params — zone3
========================================
lstm_units_1: 32
lstm_units_2: 64
dropout_rate: 0.0
learning_rate: 0.002167025657517681
best_val_mse: 0.004800598137080669
